1083
1983
1929
374
9
753
1275
770
71
1219
2369
1076
213
165
1754
1526
84
270
102
545
304
558
9
267
2078
1685
310
334
413
165
220
2
514
2310
1564
565
55
137
29
267
46
2197
2241
1595
151
786
1662
376
6
263
1077
2019
2400
2356
857
560
856
1370
2220
1731
596
483
814
797
808
203
52
2091
2244
2296
2360
2360
1071
365
889
1851
2109
2023
1826
1988
1526
619
553
2277
1807
958
1205
1672
1857
1902
1830
2331
2347
2225
1366
669
284
127
1374
1199
123
112
5
186
1609
1462
1218
501
680
1918
342
188
735
1259
947
1439
1767
1770
15
367
1796
2139
1950
1133
93
1180
1443
1654
1969
2008
1196
1503
984
284
69
8
26
5
381
279
13
9
9